  -8.1168699999999994e-01
  -8.0573144833730859e-01
  -7.9978138957907152e-01
  -7.9385317032854874e-01
  -7.8790857646147960e-01
  -7.8198829058736852e-01
  -7.7606668008317536e-01
  -7.7017309112891674e-01
  -7.6427972648363751e-01
  -7.5840946047393709e-01
  -7.5254606750171038e-01
  -7.4668977027713579e-01
  -7.4085482235662814e-01
  -7.3501822143500328e-01
  -7.2919857523032050e-01
  -7.2336306962704644e-01
  -7.1754372339232542e-01
  -8.1104940000000003e-01
  -8.0482376408084966e-01
  -7.9859187123931386e-01
  -7.9240737214949553e-01
  -7.8622196192354799e-01
  -7.8007370265999354e-01
  -7.7393852520085227e-01
  -7.6783540155668561e-01
  -7.6175369598629883e-01
  -7.5569018304504221e-01
  -7.4964576953978379e-01
  -7.4362742383367175e-01
  -7.3761063194134813e-01
  -7.3161778733107830e-01
  -7.2562606306164046e-01
  -7.1962339652445728e-01
  -7.1363460987792249e-01
  -8.0867160000000005e-01
  -8.0223747820932534e-01
  -7.9582725741023563e-01
  -7.8945960068496324e-01
  -7.8312977542236839e-01
  -7.7683372994542743e-01
  -7.7056580966193788e-01
  -7.6434901255835608e-01
  -7.5815960353639167e-01
  -7.5199367439540021e-01
  -7.4584384635059509e-01
  -7.3971155177538228e-01
  -7.3359868650518112e-01
  -7.2749432557340821e-01
  -7.2139142980447868e-01
  -7.1529251814088501e-01
  -7.0919907565239404e-01
  -8.0488120000000007e-01
  -7.9834795352620125e-01
  -7.9186548528192180e-01
  -7.8543312162136680e-01
  -7.7904449942359999e-01
  -7.7271985790828790e-01
  -7.6641339007072806e-01
  -7.6016211241062692e-01
  -7.5393037794619799e-01
  -7.4772416620662163e-01
  -7.4155217374774107e-01
  -7.3539281322571126e-01
  -7.2923755516309319e-01
  -7.2309416084947353e-01
  -7.1695584794305622e-01
  -7.1080223736300074e-01
  -7.0465119446246871e-01
  -8.0019499999999999e-01
  -7.9368055982196251e-01
  -7.8722807529635397e-01
  -7.8083956955965017e-01
  -7.7448178574034632e-01
  -7.6819983366568922e-01
  -7.6193696013410028e-01
  -7.5571745747817176e-01
  -7.4952620043193585e-01
  -7.4335343464732939e-01
  -7.3720203382348748e-01
  -7.3106323815920193e-01
  -7.2492429493846222e-01
  -7.1878585050057942e-01
  -7.1263517979278324e-01
  -7.0647195729012913e-01
  -7.0030142352269253e-01
  -7.9516940000000003e-01
  -7.8877270255288245e-01
  -7.8242758085048481e-01
  -7.7615862092217736e-01
  -7.6990659547887030e-01
  -7.6372462361951643e-01
  -7.5754874530859251e-01
  -7.5141784139511048e-01
  -7.4530518010390312e-01
  -7.3919516421735343e-01
  -7.3310009526726772e-01
  -7.2698703411297716e-01
  -7.2087012674452777e-01
  -7.1474205165223026e-01
  -7.0858788501355152e-01
  -7.0240868317304739e-01
  -6.9620063429696388e-01
  -7.9028880000000001e-01
  -7.8407030405035205e-01
  -7.7788522326275134e-01
  -7.7175844389894233e-01
  -7.6565019889904129e-01
  -7.5957201501627070e-01
  -7.5350898705940883e-01
  -7.4746611185536838e-01
  -7.4140894807524282e-01
  -7.3534131806757352e-01
  -7.2926885640191275e-01
  -7.2316002310044425e-01
  -7.1702899019632327e-01
  -7.1086409105014392e-01
  -7.0465177397780976e-01
  -6.9840869965474417e-01
  -6.9211770668187234e-01
  -7.8583040000000004e-01
  -7.7977587401510184e-01
  -7.7375294816813289e-01
  -7.6774792444312134e-01
  -7.6173521251828202e-01
  -7.5574411781152673e-01
  -7.4972954860297047e-01
  -7.4370825041635369e-01
  -7.3764640128371639e-01
  -7.3155730013079978e-01
  -7.2541527594800148e-01
  -7.1922473110900764e-01
  -7.1297577800646494e-01
  -7.0667802115267442e-01
  -7.0031565817329289e-01
  -6.9388267622348421e-01
  -6.8739917025672159e-01
  -7.8175640000000002e-01
  -7.7581350341780964e-01
  -7.6985556247199616e-01
  -7.6388870153775534e-01
  -7.5788261415411073e-01
  -7.5186237945526224e-01
  -7.4577982071401727e-01
  -7.3965689299222315e-01
  -7.3345930537009163e-01
  -7.2719721352731770e-01
  -7.2085955502600219e-01
  -7.1443741887122181e-01
  -7.0793062316808719e-01
  -7.0134879764306457e-01
  -6.9467901270839971e-01
  -6.8791614136093349e-01
  -6.8106896911052817e-01
  -7.7762900000000001e-01
  -7.7165328504605224e-01
  -7.6562370425187243e-01
  -7.5953539095530043e-01
  -7.5337446093308269e-01
  -7.4715229754359969e-01
  -7.4083523166803711e-01
  -7.3442962693102321e-01
  -7.2791730137896438e-01
  -7.2129802433918000e-01
  -7.1457100917919136e-01
  -7.0773869625226449e-01
  -7.0079712946428196e-01
  -6.9373843095765486e-01
  -6.8657365386849090e-01
  -6.7930639330092890e-01
  -6.7193062564542960e-01
  -7.7262299999999995e-01
  -7.6641614155657334e-01
  -7.6010313712207433e-01
  -7.5369831858785363e-01
  -7.4716292151231456e-01
  -7.4052335435410976e-01
  -7.3375059588427172e-01
  -7.2685865760669433e-01
  -7.1982470046956504e-01
  -7.1264889744536031e-01
  -7.0536227671152207e-01
  -6.9791957452947284e-01
  -6.9035977048006125e-01
  -6.8265620531676052e-01
  -6.7485024835437557e-01
  -6.6691936831102572e-01
  -6.5888448558525559e-01
  -7.6560340000000005e-01
  -7.5893172341005788e-01
  -7.5210791995237658e-01
  -7.4514382294189341e-01
  -7.3802099123181952e-01
  -7.3075730355310098e-01
  -7.2332835298113041e-01
  -7.1575849917709755e-01
  -7.0802072911692548e-01
  -7.0012878092812059e-01
  -6.9210219765144909e-01
  -6.8391514599039160e-01
  -6.7561558091100615e-01
  -6.6717924830062292e-01
  -6.5863112703178350e-01
  -6.4997632243926606e-01
  -6.4123294862647229e-01
  -7.5534140000000005e-01
  -7.4798642057214415e-01
  -7.4044048739228718e-01
  -7.3273510421665466e-01
  -7.2483980403198700e-01
  -7.1678385679615930e-01
  -7.0854630891686876e-01
  -7.0016117286688817e-01
  -6.9162591719473876e-01
  -6.8292502754891593e-01
  -6.7410398164778151e-01
  -6.6514776386381724e-01
  -6.5608260789584483e-01
  -6.4692441510447252e-01
  -6.3768222019046927e-01
  -6.2836561508592703e-01
  -6.1899667829052629e-01
  -7.4079839999999997e-01
  -7.3260157939838089e-01
  -7.2420634267760342e-01
  -7.1564731851088426e-01
  -7.0688357969172766e-01
  -6.9798089758255999e-01
  -6.8890306894246955e-01
  -6.7971505157027345e-01
  -6.7038269988996135e-01
  -6.6093206327010323e-01
  -6.5139249075528305e-01
  -6.4176830176629440e-01
  -6.3208410987433017e-01
  -6.2234228295568506e-01
  -6.1258472958411558e-01
  -6.0280322307926948e-01
  -5.9303767625658788e-01
  -7.2140359999999992e-01
  -7.1232698181607879e-01
  -7.0307411353749605e-01
  -6.9367096847920406e-01
  -6.8411991590460219e-01
  -6.7445551264180559e-01
  -6.6466176593517923e-01
  -6.5479858883569153e-01
  -6.4485085582677382e-01
  -6.3485693455910297e-01
  -6.2482223913962076e-01
  -6.1478172431443889e-01
  -6.0474342678452975e-01
  -5.9472998949232692e-01
  -5.8477018467594766e-01
  -5.7486673418566481e-01
  -5.6504961095190631e-01
  -6.9735188000000004e-01
  -6.8751006443608087e-01
  -6.7754219689794026e-01
  -6.6748151309236015e-01
  -6.5733838336193962e-01
  -6.4713636191071078e-01
  -6.3689624633317754e-01
  -6.2665247434878768e-01
  -6.1641789151721760e-01
  -6.0620386771287249e-01
  -5.9604350192815536e-01
  -5.8594444835979842e-01
  -5.7594303989482687e-01
  -5.6604735282278495e-01
  -5.5628281824998171e-01
  -5.4665742515759941e-01
  -5.3719590589537503e-01
  -6.6956479999999996e-01
  -6.5921962011441415e-01
  -6.4882502912310158e-01
  -6.3843880575282297e-01
  -6.2803507053162344e-01
  -6.1768268676724869e-01
  -6.0737166023359812e-01
  -5.9715783748590046e-01
  -5.8702716499803287e-01
  -5.7701749257558554e-01
  -5.6715270845376931e-01
  -5.5743700254961115e-01
  -5.4789709438586698e-01
  -5.3853918580628923e-01
  -5.2938057381507519e-01
  -5.2043471778294470e-01
  -5.1170642169763414e-01
  -6.3961099999999993e-01
  -6.2914358515440238e-01
  -6.1873951550934392e-01
  -6.0842280867744225e-01
  -5.9820522263670606e-01
  -5.8812953876085905e-01
  -5.7818534350522788e-01
  -5.6842048383776389e-01
  -5.5884688739621613e-01
  -5.4946275050742910e-01
  -5.4029690206527148e-01
  -5.3136396728691937e-01
  -5.2265523027331695e-01
  -5.1420120594706742e-01
  -5.0598834786472036e-01
  -4.9801666995239308e-01
  -4.9030003454580573e-01
  -6.0937479999999999e-01
  -5.9923142981737254e-01
  -5.8923773622178066e-01
  -5.7943783935358728e-01
  -5.6982594485866578e-01
  -5.6043374469459795e-01
  -5.5126017570027697e-01
  -5.4234832620384121e-01
  -5.3367720902113325e-01
  -5.2526832533418555e-01
  -5.1712554234878927e-01
  -5.0924620675217580e-01
  -5.0163418796615400e-01
  -4.9427574895384607e-01
  -4.8718474514819349e-01
  -4.8033620638227392e-01
  -4.7372466384129275e-01
  -5.8062499999999995e-01
  -5.7120374280926201e-01
  -5.6201556874160308e-01
  -5.5308665996930195e-01
  -5.4441924743348125e-01
  -5.3604031836402866e-01
  -5.2793070272946219e-01
  -5.2011510963924434e-01
  -5.1257469308402059e-01
  -5.0531901400076129e-01
  -4.9832892268110429e-01
  -4.9161223958822781e-01
  -4.8515019868519632e-01
  -4.7892150682243911e-01
  -4.7291889954142513e-01
  -4.6711337368883493e-01
  -4.6150301123168053e-01
  -5.5458019999999997e-01
  -5.4615563830594271e-01
  -5.3803215789046221e-01
  -5.3021359033882787e-01
  -5.2268214686702552e-01
  -5.1545674509634809e-01
  -5.0851748084258797e-01
  -5.0186231090318068e-01
  -4.9548270619266327e-01
  -4.8935317659502425e-01
  -4.8346593617599887e-01
  -4.7781327281903158e-01
  -4.7234293630209173e-01
  -4.6705258370160091e-01
  -4.6190684572507429e-01
  -4.5689113500658973e-01
  -4.5195950438998073e-01
