  -8.1168699999999994e-01
  -7.7479664099892798e-01
  -7.3908883745452902e-01
  -7.0448953722458785e-01
  -6.7056654618906586e-01
  -8.0019499999999999e-01
  -7.6434971768346149e-01
  -7.2969644294576153e-01
  -6.9583667284357376e-01
  -6.6207684521176913e-01
  -7.8175640000000002e-01
  -7.4751601981598237e-01
  -7.1167711406019074e-01
  -6.7455322030929188e-01
  -6.3720043903495061e-01
  -7.5534140000000005e-01
  -7.1697884321400529e-01
  -6.7369353344692018e-01
  -6.2932208180100968e-01
  -5.8666573959731694e-01
  -6.6956479999999996e-01
  -6.2483150043890878e-01
  -5.8187889497757850e-01
  -5.4238721622524144e-01
  -5.0527983870365090e-01
  -5.5458019999999997e-01
  -5.2003116083693490e-01
  -4.8782196007216783e-01
  -4.5434908079062469e-01
  -4.1800779711967878e-01
