  -8.1168699999999994e-01
  -7.9429477234564605e-01
  -7.7696576519251792e-01
  -7.5987344333226892e-01
  -7.4306271316240136e-01
  -7.2656836865333441e-01
  -7.1055973946063433e-01
  -6.9467042101319565e-01
  -6.7886039934633990e-01
  -8.0867160000000005e-01
  -7.9117825536590802e-01
  -7.7400139134475698e-01
  -7.5720583224472426e-01
  -7.4079706065521089e-01
  -7.2465286948097107e-01
  -7.0879191622820403e-01
  -6.9306082480585840e-01
  -6.7727289140428815e-01
  -8.0019499999999999e-01
  -7.8309148696417841e-01
  -7.6629284241095763e-01
  -7.4980161301762005e-01
  -7.3356972131406184e-01
  -7.1751598506007230e-01
  -7.0155432110997162e-01
  -6.8553816652342037e-01
  -6.6933726537973381e-01
  -7.9028880000000001e-01
  -7.7387355489717669e-01
  -7.5756256400095801e-01
  -7.4126316506038459e-01
  -7.2487172006138756e-01
  -7.0829464333126990e-01
  -6.9149176779728516e-01
  -6.7446486782685910e-01
  -6.5727264697921928e-01
  -7.8175640000000002e-01
  -7.6576197138529045e-01
  -7.4938826429084981e-01
  -7.3251342695278121e-01
  -7.1506813302119987e-01
  -6.9706818780509916e-01
  -6.7864859345995521e-01
  -6.6000986821361696e-01
  -6.4143147668706624e-01
  -7.7262299999999995e-01
  -7.5628879569901131e-01
  -7.3890538195134847e-01
  -7.2046193683289939e-01
  -7.0109063032737329e-01
  -6.8105144150725205e-01
  -6.6074670507394440e-01
  -6.4053737014784140e-01
  -6.2081431398359588e-01
  -7.5534140000000005e-01
  -7.3778100657204393e-01
  -7.1873468020154840e-01
  -6.9845034000542427e-01
  -6.7731428693740980e-01
  -6.5582583429817376e-01
  -6.3450590159702125e-01
  -6.1377375138327739e-01
  -5.9390434646961721e-01
  -7.2140359999999992e-01
  -7.0224141836253529e-01
  -6.8201135940991187e-01
  -6.6101078211804554e-01
  -6.3977574241971003e-01
  -6.1877190692663186e-01
  -5.9838251422271649e-01
  -5.7878034052132565e-01
  -5.6001954556852873e-01
  -6.6956479999999996e-01
  -6.4843891986195379e-01
  -6.2737587028222752e-01
  -6.0687101336652416e-01
  -5.8727603673321926e-01
  -5.6876263763988189e-01
  -5.5132816192185963e-01
  -5.3475746811730895e-01
  -5.1875960743541849e-01
  -6.0937479999999999e-01
  -5.8905449796546228e-01
  -5.6971534468662866e-01
  -5.5154909577400246e-01
  -5.3454511962206053e-01
  -5.1850710316310222e-01
  -5.0312024232071462e-01
  -4.8801130401316140e-01
  -4.7281174673215476e-01
  -5.5458019999999997e-01
  -5.3775446919792969e-01
  -5.2195561958962489e-01
  -5.0692800896378509e-01
  -4.9230074701255871e-01
  -4.7769734400074304e-01
  -4.6278548071710524e-01
  -4.4730819911308645e-01
  -4.2963669980658048e-01
